# Wavelength(nm)	SPD
280	0.082000
281	0.150000
282	0.267000
283	0.325000
284	0.299000
285	0.176000
286	0.242000
287	0.362000
288	0.311000
289	0.392000
290	0.563000
291	0.618000
292	0.567000
293	0.538000
294	0.533000
295	0.527000
296	0.573000
297	0.478000
298	0.528000
299	0.472000
300	0.458000
301	0.463000
302	0.449000
303	0.612000
304	0.621000
305	0.642000
306	0.565000
307	0.605000
308	0.645000
309	0.580000
310	0.533000
311	0.762000
312	0.706000
313	0.694000
314	0.717000
315	0.685000
316	0.587000
317	0.739000
318	0.724000
319	0.706000
320	0.775000
321	0.765000
322	0.735000
323	0.649000
324	0.741000
325	0.829000
326	0.998000
327	1.000000
328	0.957000
329	1.000000
330	1.110000
331	0.991000
332	0.993000
333	0.964000
334	0.956000
335	1.010000
336	0.890000
337	0.818000
338	0.925000
339	0.969000
340	1.050000
341	0.971000
342	0.996000
343	1.040000
344	0.854000
345	0.916000
346	0.943000
347	0.970000
348	0.925000
349	0.899000
350	1.010000
351	1.050000
352	0.984000
353	0.980000
354	1.130000
355	1.140000
356	1.030000
357	0.842000
358	0.789000
359	0.858000
360	1.090000
361	0.942000
362	0.958000
363	1.070000
364	1.070000
365	1.100000
366	1.290000
367	1.260000
368	1.160000
369	1.190000
370	1.290000
371	1.180000
372	1.140000
373	1.040000
374	0.934000
375	0.985000
376	1.120000
377	1.180000
378	1.410000
379	1.230000
380	1.150000
381	1.250000
382	0.954000
383	0.736000
384	0.821000
385	1.080000
386	0.991000
387	1.040000
388	1.010000
389	1.080000
390	1.250000
391	1.330000
392	1.240000
393	0.745000
394	0.767000
395	1.250000
396	1.160000
397	0.652000
398	1.300000
399	1.620000
400	1.690000
401	1.750000
402	1.810000
403	1.740000
404	1.760000
405	1.720000
406	1.670000
407	1.630000
408	1.700000
409	1.810000
410	1.540000
411	1.720000
412	1.820000
413	1.740000
414	1.710000
415	1.770000
416	1.820000
417	1.770000
418	1.690000
419	1.750000
420	1.600000
421	1.810000
422	1.780000
423	1.720000
424	1.710000
425	1.760000
426	1.700000
427	1.640000
428	1.650000
429	1.520000
430	1.210000
431	1.100000
432	1.820000
433	1.690000
434	1.560000
435	1.710000
436	1.870000
437	1.900000
438	1.660000
439	1.600000
440	1.830000
441	1.800000
442	1.920000
443	1.950000
444	1.890000
445	1.970000
446	1.760000
447	1.990000
448	2.010000
449	2.000000
450	2.070000
451	2.140000
452	2.050000
453	1.890000
454	2.020000
455	2.000000
456	2.060000
457	2.080000
458	2.030000
459	2.010000
460	2.000000
461	2.060000
462	2.080000
463	2.080000
464	2.020000
465	1.980000
466	2.020000
467	1.930000
468	2.010000
469	2.020000
470	1.940000
471	1.970000
472	2.070000
473	1.990000
474	2.010000
475	2.080000
476	2.010000
477	2.030000
478	2.090000
479	2.040000
480	2.070000
481	2.060000
482	2.060000
483	2.030000
484	1.990000
485	1.980000
486	1.600000
487	1.790000
488	1.940000
489	1.820000
490	2.030000
491	1.950000
492	1.860000
493	1.980000
494	1.930000
495	2.050000
496	1.950000
497	1.980000
498	1.920000
499	1.920000
500	1.920000
501	1.860000
502	1.860000
503	1.950000
504	1.830000
505	1.950000
506	2.030000
507	1.940000
508	1.880000
509	1.970000
510	1.910000
511	1.940000
512	1.990000
513	1.870000
514	1.820000
515	1.880000
516	1.890000
517	1.540000
518	1.760000
519	1.700000
520	1.860000
521	1.870000
522	1.920000
523	1.800000
524	1.940000
525	1.930000
526	1.870000
527	1.640000
528	1.880000
529	1.970000
530	1.890000
531	2.000000
532	1.960000
533	1.750000
534	1.870000
535	1.900000
536	1.970000
537	1.820000
538	1.910000
539	1.860000
540	1.800000
541	1.730000
542	1.890000
543	1.850000
544	1.920000
545	1.870000
546	1.860000
547	1.880000
548	1.830000
549	1.880000
550	1.860000
551	1.860000
552	1.900000
553	1.840000
554	1.880000
555	1.890000
556	1.860000
557	1.810000
558	1.850000
559	1.760000
560	1.790000
561	1.890000
562	1.800000
563	1.870000
564	1.840000
565	1.850000
566	1.750000
567	1.870000
568	1.860000
569	1.830000
570	1.830000
571	1.760000
572	1.870000
573	1.880000
574	1.870000
575	1.830000
576	1.820000
577	1.860000
578	1.800000
579	1.820000
580	1.830000
581	1.830000
582	1.850000
583	1.860000
584	1.850000
585	1.840000
586	1.790000
587	1.840000
588	1.820000
589	1.620000
590	1.720000
591	1.810000
592	1.790000
593	1.790000
594	1.790000
595	1.780000
596	1.800000
597	1.810000
598	1.770000
599	1.760000
600	1.770000
601	1.740000
602	1.720000
603	1.750000
604	1.780000
605	1.770000
606	1.760000
607	1.760000
608	1.750000
609	1.730000
610	1.720000
611	1.710000
612	1.740000
613	1.710000
614	1.660000
615	1.710000
616	1.660000
617	1.640000
618	1.700000
619	1.710000
620	1.710000
621	1.720000
622	1.680000
623	1.680000
624	1.670000
625	1.640000
626	1.640000
627	1.690000
628	1.690000
629	1.690000
630	1.670000
631	1.660000
632	1.590000
633	1.670000
634	1.640000
635	1.650000
636	1.610000
637	1.660000
638	1.670000
639	1.650000
640	1.610000
641	1.610000
642	1.610000
643	1.630000
644	1.610000
645	1.630000
646	1.590000
647	1.610000
648	1.600000
649	1.550000
650	1.530000
651	1.610000
652	1.590000
653	1.600000
654	1.580000
655	1.520000
656	1.320000
657	1.380000
658	1.540000
659	1.540000
660	1.560000
661	1.570000
662	1.570000
663	1.560000
664	1.550000
665	1.570000
666	1.560000
667	1.540000
668	1.530000
669	1.560000
670	1.530000
671	1.530000
672	1.510000
673	1.520000
674	1.510000
675	1.500000
676	1.520000
677	1.500000
678	1.510000
679	1.490000
680	1.490000
681	1.490000
682	1.490000
683	1.480000
684	1.470000
685	1.470000
686	1.430000
687	1.470000
688	1.480000
689	1.480000
690	1.480000
691	1.470000
692	1.450000
693	1.460000
694	1.460000
695	1.440000
696	1.440000
697	1.440000
698	1.420000
699	1.430000
700	1.420000
701	1.410000
702	1.400000
703	1.410000
704	1.420000
705	1.430000
706	1.410000
707	1.400000
708	1.400000
709	1.390000
710	1.400000
711	1.400000
712	1.380000
713	1.370000
714	1.380000
715	1.350000
716	1.370000
717	1.370000
718	1.360000
719	1.300000
720	1.350000
721	1.350000
722	1.360000
723	1.350000
724	1.360000
725	1.350000
726	1.340000
727	1.340000
728	1.340000
729	1.280000
730	1.340000
731	1.310000
732	1.330000
733	1.310000
734	1.340000
735	1.330000
736	1.310000
737	1.310000
738	1.300000
739	1.260000
740	1.280000
741	1.270000
742	1.260000
743	1.290000
744	1.300000
745	1.290000
746	1.290000
747	1.290000
748	1.280000
749	1.280000
750	1.270000
751	1.270000
752	1.270000
753	1.270000
754	1.280000
755	1.280000
756	1.260000
757	1.260000
758	1.270000
759	1.250000
760	1.260000
761	1.250000
762	1.250000
763	1.250000
764	1.260000
765	1.250000
766	1.200000
767	1.210000
768	1.230000
769	1.210000
770	1.210000
771	1.210000
772	1.210000
773	1.210000
774	1.210000
775	1.210000
776	1.210000
777	1.200000
778	1.200000
779	1.210000
780	1.190000
781	1.190000
782	1.200000
783	1.190000
784	1.180000
785	1.190000
786	1.190000
787	1.190000
788	1.180000
789	1.180000
790	1.170000
791	1.160000
792	1.150000
793	1.140000
794	1.130000
795	1.130000
796	1.140000
797	1.160000
798	1.150000
799	1.140000
800	1.120000
801	1.140000
802	1.140000
803	1.120000
804	1.130000
805	1.100000
806	1.130000
807	1.120000
808	1.120000
809	1.100000
810	1.110000
811	1.110000
812	1.120000
813	1.120000
814	1.120000
815	1.110000
816	1.110000
817	1.110000
818	1.090000
819	1.070000
820	1.070000
821	1.080000
822	1.060000
823	1.080000
824	1.070000
825	1.070000
826	1.080000
827	1.080000
828	1.070000
829	1.060000
830	1.060000
831	1.060000
832	1.060000
833	1.030000
834	1.050000
835	1.050000
836	1.060000
837	1.050000
838	1.050000
839	1.040000
840	1.050000
841	1.050000
842	1.030000
843	1.030000
844	1.010000
845	1.040000
846	1.040000
847	1.010000
848	1.010000
849	1.010000
850	0.910000
851	0.998000
852	0.990000
853	0.981000
854	0.869000
855	0.927000
856	0.990000
857	1.010000
858	1.010000
859	1.010000
860	1.000000
861	0.999000
862	1.010000
863	1.010000
864	0.990000
865	0.974000
866	0.858000
867	0.925000
868	0.969000
869	0.959000
870	0.977000
871	0.963000
872	0.976000
873	0.966000
874	0.949000
875	0.936000
876	0.962000
877	0.965000
878	0.962000
879	0.946000
880	0.949000
881	0.920000
882	0.944000
883	0.939000
884	0.944000
885	0.955000
886	0.926000
887	0.923000
888	0.941000
889	0.944000
890	0.942000
891	0.939000
892	0.933000
893	0.918000
894	0.924000
895	0.926000
896	0.934000
897	0.927000
898	0.924000
899	0.914000
900	0.914000
901	0.898000
902	0.877000
903	0.922000
904	0.921000
905	0.918000
906	0.908000
907	0.915000
908	0.901000
909	0.886000
910	0.895000
911	0.897000
912	0.890000
913	0.900000
914	0.898000
915	0.888000
916	0.895000
917	0.889000
918	0.888000
919	0.892000
920	0.885000
921	0.870000
922	0.863000
923	0.833000
924	0.870000
925	0.876000
926	0.846000
927	0.878000
928	0.871000
929	0.870000
930	0.869000
931	0.871000
932	0.865000
933	0.870000
934	0.867000
935	0.856000
936	0.852000
937	0.854000
938	0.859000
939	0.857000
940	0.840000
941	0.832000
942	0.806000
943	0.838000
944	0.819000
945	0.824000
946	0.831000
947	0.828000
948	0.831000
949	0.833000
950	0.829000
951	0.820000
952	0.824000
953	0.821000
954	0.812000
955	0.769000
956	0.802000
957	0.806000
958	0.811000
959	0.815000
960	0.806000
961	0.800000
962	0.802000
963	0.798000
964	0.788000
965	0.796000
966	0.786000
967	0.795000
968	0.785000
969	0.788000
970	0.791000
971	0.782000
972	0.788000
973	0.781000
974	0.769000
975	0.773000
976	0.781000
977	0.772000
978	0.778000
979	0.767000
980	0.775000
981	0.773000
982	0.779000
983	0.775000
984	0.769000
985	0.771000
986	0.766000
987	0.766000
988	0.764000
989	0.755000
990	0.757000
991	0.762000
992	0.757000
993	0.756000
994	0.759000
995	0.754000
996	0.753000
997	0.743000
998	0.743000
999	0.742000
1000	0.743000
1001	0.747000
1002	0.747000
1003	0.738000
1004	0.731000
1005	0.684000
1006	0.718000
1007	0.731000
1008	0.733000
1009	0.729000
1010	0.731000
1011	0.726000
1012	0.725000
1013	0.720000
1014	0.723000
1015	0.711000
1016	0.714000
1017	0.707000
1018	0.716000
1019	0.696000
1020	0.701000
1021	0.703000
1022	0.693000
1023	0.699000
1024	0.701000
1025	0.699000
1026	0.699000
1027	0.696000
1028	0.697000
1029	0.690000
1030	0.692000
1031	0.690000
1032	0.690000
1033	0.678000
1034	0.682000
1035	0.684000
1036	0.684000
1037	0.677000
1038	0.674000
1039	0.679000
1040	0.674000
1041	0.675000
1042	0.675000
1043	0.669000
1044	0.672000
1045	0.668000
1046	0.651000
1047	0.662000
1048	0.668000
1049	0.665000
1050	0.661000
1051	0.662000
1052	0.658000
1053	0.657000
1054	0.655000
1055	0.658000
1056	0.656000
1057	0.655000
1058	0.649000
1059	0.630000
1060	0.648000
1061	0.634000
1062	0.647000
1063	0.637000
1064	0.646000
1065	0.645000
1066	0.631000
1067	0.635000
1068	0.636000
1069	0.601000
1070	0.622000
1071	0.628000
1072	0.631000
1073	0.618000
1074	0.631000
1075	0.618000
1076	0.625000
1077	0.624000
1078	0.625000
1079	0.612000
1080	0.623000
1081	0.607000
1082	0.602000
1083	0.609000
1084	0.614000
1085	0.612000
1086	0.616000
1087	0.591000
1088	0.607000
1089	0.609000
1090	0.604000
1091	0.608000
1092	0.597000
1093	0.592000
1094	0.561000
1095	0.583000
1096	0.586000
1097	0.591000
1098	0.587000
1099	0.582000
1100	0.600000
1101	0.599000
1102	0.582000
1103	0.595000
1104	0.593000
1105	0.591000
1106	0.590000
1107	0.586000
1108	0.587000
1109	0.586000
1110	0.587000
1111	0.583000
1112	0.583000
1113	0.578000
1114	0.584000
1115	0.582000
1116	0.575000
1117	0.583000
1118	0.572000
1119	0.572000
1120	0.569000
1121	0.572000
1122	0.575000
1123	0.574000
1124	0.573000
1125	0.570000
1126	0.553000
1127	0.562000
1128	0.568000
1129	0.568000
1130	0.564000
1131	0.568000
1132	0.570000
1133	0.562000
1134	0.563000
1135	0.563000
1136	0.565000
1137	0.552000
1138	0.544000
1139	0.553000
1140	0.556000
1141	0.543000
1142	0.555000
1143	0.550000
1144	0.545000
1145	0.550000
1146	0.554000
1147	0.554000
1148	0.550000
1149	0.548000
1150	0.546000
1151	0.545000
1152	0.542000
1153	0.543000
1154	0.547000
1155	0.547000
1156	0.540000
1157	0.544000
1158	0.543000
1159	0.535000
1160	0.529000
1161	0.519000
1162	0.533000
1163	0.537000
1164	0.527000
1165	0.535000
1166	0.522000
1167	0.530000
1168	0.534000
1169	0.516000
1170	0.529000
1171	0.531000
1172	0.531000
1173	0.527000
1174	0.528000
1175	0.519000
1176	0.510000
1177	0.523000
1178	0.517000
1179	0.515000
1180	0.522000
1181	0.518000
1182	0.517000
1183	0.488000
1184	0.511000
1185	0.516000
1186	0.515000
1187	0.515000
1188	0.510000
1189	0.484000
1190	0.506000
1191	0.514000
1192	0.512000
1193	0.511000
1194	0.511000
1195	0.506000
1196	0.506000
1197	0.503000
1198	0.492000
1199	0.474000
1200	0.500000
1201	0.506000
1202	0.507000
1203	0.488000
1204	0.487000
1205	0.502000
1206	0.499000
1207	0.501000
1208	0.490000
1209	0.466000
1210	0.492000
1211	0.479000
1212	0.491000
1213	0.492000
1214	0.489000
1215	0.490000
1216	0.489000
1217	0.488000
1218	0.486000
1219	0.482000
1220	0.484000
1221	0.483000
1222	0.481000
1223	0.476000
1224	0.482000
1225	0.479000
1226	0.480000
1227	0.468000
1228	0.474000
1229	0.477000
1230	0.475000
1231	0.474000
1232	0.469000
1233	0.471000
1234	0.469000
1235	0.466000
1236	0.469000
1237	0.468000
1238	0.467000
1239	0.462000
1240	0.460000
1241	0.464000
1242	0.462000
1243	0.457000
1244	0.455000
1245	0.456000
1246	0.459000
1247	0.458000
1248	0.461000
1249	0.460000
1250	0.459000
1251	0.456000
1252	0.452000
1253	0.454000
1254	0.454000
1255	0.453000
1256	0.452000
1257	0.449000
1258	0.451000
1259	0.448000
1260	0.450000
1261	0.449000
1262	0.443000
1263	0.448000
1264	0.442000
1265	0.443000
1266	0.446000
1267	0.439000
1268	0.436000
1269	0.440000
1270	0.442000
1271	0.443000
1272	0.441000
1273	0.441000
1274	0.438000
1275	0.441000
1276	0.442000
1277	0.442000
1278	0.441000
1279	0.438000
1280	0.435000
1281	0.423000
1282	0.376000
1283	0.412000
1284	0.427000
1285	0.429000
1286	0.429000
1287	0.430000
1288	0.427000
1289	0.428000
1290	0.419000
1291	0.422000
1292	0.423000
1293	0.423000
1294	0.416000
1295	0.419000
1296	0.420000
1297	0.417000
1298	0.413000
1299	0.417000
1300	0.415000
1301	0.414000
1302	0.410000
1303	0.408000
1304	0.406000
1305	0.410000
1306	0.410000
1307	0.410000
1308	0.409000
1309	0.409000
1310	0.407000
1311	0.406000
1312	0.403000
1313	0.391000
1314	0.403000
1315	0.392000
1316	0.394000
1317	0.401000
1318	0.395000
1319	0.401000
1320	0.399000
1321	0.395000
1322	0.395000
1323	0.395000
1324	0.395000
1325	0.394000
1326	0.392000
1327	0.389000
1328	0.391000
1329	0.380000
1330	0.385000
1331	0.388000
1332	0.379000
1333	0.387000
1334	0.387000
1335	0.386000
1336	0.382000
1337	0.383000
1338	0.381000
1339	0.376000
1340	0.374000
1341	0.382000
1342	0.380000
1343	0.380000
1344	0.380000
1345	0.380000
1346	0.376000
1347	0.378000
1348	0.377000
1349	0.376000
1350	0.371000
1351	0.372000
1352	0.375000
1353	0.374000
1354	0.373000
1355	0.368000
1356	0.369000
1357	0.364000
1358	0.370000
1359	0.369000
1360	0.365000
1361	0.370000
1362	0.369000
1363	0.362000
1364	0.367000
1365	0.366000
1366	0.366000
1367	0.362000
1368	0.366000
1369	0.359000
1370	0.359000
1371	0.359000
1372	0.363000
1373	0.363000
1374	0.363000
1375	0.357000
1376	0.354000
1377	0.358000
1378	0.357000
1379	0.360000
1380	0.357000
1381	0.358000
1382	0.353000
1383	0.354000
1384	0.356000
1385	0.352000
1386	0.355000
1387	0.351000
1388	0.353000
1389	0.354000
1390	0.347000
1391	0.352000
1392	0.352000
1393	0.350000
1394	0.348000
1395	0.348000
1396	0.349000
1397	0.349000
1398	0.350000
1399	0.349000
1400	0.339000
1401	0.339000
1402	0.344000
1403	0.340000
1404	0.341000
1405	0.340000
1406	0.342000
1407	0.341000
1408	0.340000
1409	0.341000
1410	0.340000
1411	0.338000
1412	0.329000
1413	0.333000
1414	0.337000
1415	0.337000
1416	0.335000
1417	0.337000
1418	0.338000
1419	0.334000
1420	0.333000
1421	0.336000
1422	0.329000
1423	0.329000
1424	0.328000
1425	0.333000
1426	0.323000
1427	0.327000
1428	0.330000
1429	0.323000
1430	0.323000
1431	0.324000
1432	0.331000
1433	0.331000
1434	0.325000
1435	0.327000
1436	0.327000
1437	0.328000
1438	0.326000
1439	0.329000
1440	0.313000
1441	0.317000
1442	0.316000
1443	0.318000
1444	0.319000
1445	0.319000
1446	0.321000
1447	0.318000
1448	0.321000
1449	0.320000
1450	0.318000
1451	0.314000
1452	0.314000
1453	0.315000
1454	0.313000
1455	0.312000
1456	0.310000
1457	0.312000
1458	0.316000
1459	0.317000
1460	0.314000
1461	0.313000
1462	0.310000
1463	0.308000
1464	0.308000
1465	0.312000
1466	0.307000
1467	0.313000
1468	0.308000
1469	0.312000
1470	0.310000
1471	0.304000
1472	0.306000
1473	0.306000
1474	0.297000
1475	0.303000
1476	0.304000
1477	0.303000
1478	0.302000
1479	0.305000
1480	0.306000
1481	0.302000
1482	0.305000
1483	0.298000
1484	0.302000
1485	0.306000
1486	0.302000
1487	0.300000
1488	0.265000
1489	0.299000
1490	0.301000
1491	0.302000
1492	0.298000
1493	0.302000
1494	0.302000
1495	0.301000
1496	0.291000
1497	0.297000
1498	0.299000
1499	0.295000
1500	0.301000
1501	0.300000
1502	0.297000
1503	0.269000
1504	0.283000
1505	0.271000
1506	0.284000
1507	0.294000
1508	0.290000
1509	0.288000
1510	0.294000
1511	0.294000
1512	0.288000
1513	0.287000
1514	0.285000
1515	0.288000
1516	0.287000
1517	0.285000
1518	0.290000
1519	0.285000
1520	0.288000
1521	0.281000
1522	0.280000
1523	0.284000
1524	0.285000
1525	0.278000
1526	0.286000
1527	0.283000
1528	0.285000
1529	0.283000
1530	0.267000
1531	0.283000
1532	0.283000
1533	0.280000
1534	0.275000
1535	0.278000
1536	0.281000
1537	0.281000
1538	0.273000
1539	0.278000
1540	0.269000
1541	0.273000
1542	0.275000
1543	0.275000
1544	0.277000
1545	0.278000
1546	0.277000
1547	0.274000
1548	0.267000
1549	0.273000
1550	0.270000
1551	0.271000
1552	0.274000
1553	0.271000
1554	0.265000
1555	0.267000
1556	0.263000
1557	0.270000
1558	0.268000
1559	0.268000
1560	0.265000
1561	0.270000
1562	0.268000
1563	0.267000
1564	0.263000
1565	0.267000
1566	0.263000
1567	0.264000
1568	0.260000
1569	0.263000
1570	0.261000
1571	0.267000
1572	0.267000
1573	0.263000
1574	0.262000
1575	0.247000
1576	0.260000
1577	0.237000
1578	0.257000
1579	0.262000
1580	0.264000
1581	0.265000
1582	0.254000
1583	0.258000
1584	0.254000
1585	0.262000
1586	0.258000
1587	0.255000
1588	0.250000
1589	0.232000
1590	0.242000
1591	0.241000
1592	0.253000
1593	0.258000
1594	0.256000
1595	0.258000
1596	0.245000
1597	0.249000
1598	0.256000
1599	0.250000
1600	0.253000
1601	0.245000
1602	0.249000
1603	0.249000
1604	0.250000
1605	0.247000
1606	0.247000
1607	0.245000
1608	0.250000
1609	0.249000
1610	0.233000
1611	0.241000
1612	0.241000
1613	0.246000
1614	0.244000
1615	0.244000
1616	0.232000
1617	0.236000
1618	0.244000
1619	0.242000
1620	0.234000
1621	0.234000
1622	0.237000
1623	0.242000
1624	0.242000
1625	0.237000
1626	0.240000
1627	0.240000
1628	0.241000
1629	0.241000
1630	0.237000
1631	0.239000
1632	0.239000
1633	0.236000
1634	0.233000
1635	0.237000
1636	0.237000
1637	0.227000
1638	0.227000
1639	0.222000
1640	0.226000
1641	0.224000
1642	0.224000
1643	0.229000
1644	0.226000
1645	0.225000
1646	0.229000
1647	0.229000
1648	0.229000
1649	0.224000
1650	0.228000
1651	0.224000
1652	0.228000
1653	0.225000
1654	0.227000
1655	0.224000
1656	0.226000
1657	0.226000
1658	0.225000
1659	0.222000
1660	0.224000
1661	0.225000
1662	0.224000
1663	0.223000
1664	0.223000
1665	0.221000
1666	0.219000
1667	0.220000
1668	0.216000
1669	0.218000
1670	0.222000
1671	0.221000
1672	0.212000
1673	0.216000
1674	0.219000
1675	0.216000
1676	0.213000
1677	0.215000
1678	0.216000
1679	0.213000
1680	0.206000
1681	0.198000
1682	0.203000
1683	0.209000
1684	0.212000
1685	0.213000
1686	0.210000
1687	0.211000
1688	0.211000
1689	0.208000
1690	0.208000
1691	0.212000
1692	0.212000
1693	0.211000
1694	0.211000
1695	0.211000
1696	0.210000
1697	0.209000
1698	0.209000
1699	0.208000
1700	0.205000
1701	0.205000
1702	0.205000
1703	0.204667
1704	0.204333
1705	0.204000
1706	0.203000
1707	0.202000
1708	0.201000
1709	0.200000
1710	0.199000
1711	0.199600
1712	0.200200
1713	0.200800
1714	0.201400
1715	0.202000
1716	0.201200
1717	0.200400
1718	0.199600
1719	0.198800
1720	0.198000
1721	0.197800
1722	0.197600
1723	0.197400
1724	0.197200
1725	0.197000
1726	0.196200
1727	0.195400
1728	0.194600
1729	0.193800
1730	0.193000
1731	0.190800
1732	0.188600
1733	0.186400
1734	0.184200
1735	0.182000
1736	0.183600
1737	0.185200
1738	0.186800
1739	0.188400
1740	0.190000
1741	0.189200
1742	0.188400
1743	0.187600
1744	0.186800
1745	0.186000
1746	0.185800
1747	0.185600
1748	0.185400
1749	0.185200
1750	0.185000
1751	0.185000
1752	0.185000
1753	0.185000
1754	0.185000
1755	0.185000
1756	0.184400
1757	0.183800
1758	0.183200
1759	0.182600
1760	0.182000
1761	0.181800
1762	0.181600
1763	0.181400
1764	0.181200
1765	0.181000
1766	0.180800
1767	0.180600
1768	0.180400
1769	0.180200
1770	0.180000
1771	0.179200
1772	0.178400
1773	0.177600
1774	0.176800
1775	0.176000
1776	0.176000
1777	0.176000
1778	0.176000
1779	0.176000
1780	0.176000
1781	0.175600
1782	0.175200
1783	0.174800
1784	0.174400
1785	0.174000
1786	0.174000
1787	0.174000
1788	0.174000
1789	0.174000
1790	0.174000
1791	0.173400
1792	0.172800
1793	0.172200
1794	0.171600
1795	0.171000
1796	0.170400
1797	0.169800
1798	0.169200
1799	0.168600
1800	0.168000
1801	0.168200
1802	0.168400
1803	0.168600
1804	0.168800
1805	0.169000
1806	0.169000
1807	0.169000
1808	0.169000
1809	0.169000
1810	0.169000
1811	0.166200
1812	0.163400
1813	0.160600
1814	0.157800
1815	0.155000
1816	0.156000
1817	0.157000
1818	0.158000
1819	0.159000
1820	0.160000
1821	0.160600
1822	0.161200
1823	0.161800
1824	0.162400
1825	0.163000
1826	0.162200
1827	0.161400
1828	0.160600
1829	0.159800
1830	0.159000
1831	0.158800
1832	0.158600
1833	0.158400
1834	0.158200
1835	0.158000
1836	0.157600
1837	0.157200
1838	0.156800
1839	0.156400
1840	0.156000
1841	0.155400
1842	0.154800
1843	0.154200
1844	0.153600
1845	0.153000
1846	0.153000
1847	0.153000
1848	0.153000
1849	0.153000
1850	0.153000
1851	0.152600
1852	0.152200
1853	0.151800
1854	0.151400
1855	0.151000
1856	0.150600
1857	0.150200
1858	0.149800
1859	0.149400
1860	0.149000
1861	0.148600
1862	0.148200
1863	0.147800
1864	0.147400
1865	0.147000
1866	0.146800
1867	0.146600
1868	0.146400
1869	0.146200
1870	0.146000
1871	0.143200
1872	0.140400
1873	0.137600
1874	0.134800
1875	0.132000
1876	0.135000
1877	0.138000
1878	0.141000
1879	0.144000
1880	0.147000
1881	0.146800
1882	0.146600
1883	0.146400
1884	0.146200
1885	0.146000
1886	0.144800
1887	0.143600
1888	0.142400
1889	0.141200
1890	0.140000
1891	0.139600
1892	0.139200
1893	0.138800
1894	0.138400
1895	0.138000
1896	0.138400
1897	0.138800
1898	0.139200
1899	0.139600
1900	0.140000
1901	0.139800
1902	0.139600
1903	0.139400
1904	0.139200
1905	0.139000
1906	0.138600
1907	0.138200
1908	0.137800
1909	0.137400
1910	0.137000
1911	0.136800
1912	0.136600
1913	0.136400
1914	0.136200
1915	0.136000
1916	0.135800
1917	0.135600
1918	0.135400
1919	0.135200
1920	0.135000
1921	0.134800
1922	0.134600
1923	0.134400
1924	0.134200
1925	0.134000
1926	0.133400
1927	0.132800
1928	0.132200
1929	0.131600
1930	0.131000
1931	0.131200
1932	0.131400
1933	0.131600
1934	0.131800
1935	0.132000
1936	0.131600
1937	0.131200
1938	0.130800
1939	0.130400
1940	0.130000
1941	0.128000
1942	0.126000
1943	0.124000
1944	0.122000
1945	0.120000
1946	0.121200
1947	0.122400
1948	0.123600
1949	0.124800
1950	0.126000
1951	0.126400
1952	0.126800
1953	0.127200
1954	0.127600
1955	0.128000
1956	0.127600
1957	0.127200
1958	0.126800
1959	0.126400
1960	0.126000
1961	0.125400
1962	0.124800
1963	0.124200
1964	0.123600
1965	0.123000
1966	0.123200
1967	0.123400
1968	0.123600
1969	0.123800
1970	0.124000
1971	0.123600
1972	0.123200
1973	0.122800
1974	0.122400
1975	0.122000
1976	0.121600
1977	0.121200
1978	0.120800
1979	0.120400
1980	0.120000
1981	0.119800
1982	0.119600
1983	0.119400
1984	0.119200
1985	0.119000
1986	0.119200
1987	0.119400
1988	0.119600
1989	0.119800
1990	0.120000
1991	0.119400
1992	0.118800
1993	0.118200
1994	0.117600
1995	0.117000
1996	0.117000
1997	0.117000
1998	0.117000
1999	0.117000
2000	0.117000
2001	0.116600
2002	0.116200
2003	0.115800
2004	0.115400
2005	0.115000
2006	0.115000
2007	0.115000
2008	0.115000
2009	0.115000
2010	0.115000
2011	0.114800
2012	0.114600
2013	0.114400
2014	0.114200
2015	0.114000
2016	0.113600
2017	0.113200
2018	0.112800
2019	0.112400
2020	0.112000
2021	0.112000
2022	0.112000
2023	0.112000
2024	0.112000
2025	0.112000
2026	0.111600
2027	0.111200
2028	0.110800
2029	0.110400
2030	0.110000
2031	0.109800
2032	0.109600
2033	0.109400
2034	0.109200
2035	0.109000
2036	0.108600
2037	0.108200
2038	0.107800
2039	0.107400
2040	0.107000
2041	0.107200
2042	0.107400
2043	0.107600
2044	0.107800
2045	0.108000
2046	0.107600
2047	0.107200
2048	0.106800
2049	0.106400
2050	0.106000
2051	0.105800
2052	0.105600
2053	0.105400
2054	0.105200
2055	0.105000
2056	0.104600
2057	0.104200
2058	0.103800
2059	0.103400
2060	0.103000
2061	0.102800
2062	0.102600
2063	0.102400
2064	0.102200
2065	0.102000
2066	0.101800
2067	0.101600
2068	0.101400
2069	0.101200
2070	0.101000
2071	0.101000
2072	0.101000
2073	0.101000
2074	0.101000
2075	0.101000
2076	0.100660
2077	0.100320
2078	0.099980
2079	0.099640
2080	0.099300
2081	0.099100
2082	0.098900
2083	0.098700
2084	0.098500
2085	0.098300
2086	0.098140
2087	0.097980
2088	0.097820
2089	0.097660
2090	0.097500
2091	0.097200
2092	0.096900
2093	0.096600
2094	0.096300
2095	0.096000
2096	0.096040
2097	0.096080
2098	0.096120
2099	0.096160
2100	0.096200
2101	0.096120
2102	0.096040
2103	0.095960
2104	0.095880
2105	0.095800
2106	0.095560
2107	0.095320
2108	0.095080
2109	0.094840
2110	0.094600
2111	0.094460
2112	0.094320
2113	0.094180
2114	0.094040
2115	0.093900
2116	0.093740
2117	0.093580
2118	0.093420
2119	0.093260
2120	0.093100
2121	0.092920
2122	0.092740
2123	0.092560
2124	0.092380
2125	0.092200
2126	0.092240
2127	0.092280
2128	0.092320
2129	0.092360
2130	0.092400
2131	0.092140
2132	0.091880
2133	0.091620
2134	0.091360
2135	0.091100
2136	0.091100
2137	0.091100
2138	0.091100
2139	0.091100
2140	0.091100
2141	0.090860
2142	0.090620
2143	0.090380
2144	0.090140
2145	0.089900
2146	0.089860
2147	0.089820
2148	0.089780
2149	0.089740
2150	0.089700
2151	0.089540
2152	0.089380
2153	0.089220
2154	0.089060
2155	0.088900
2156	0.088700
2157	0.088500
2158	0.088300
2159	0.088100
2160	0.087900
2161	0.086720
2162	0.085540
2163	0.084360
2164	0.083180
2165	0.082000
2166	0.082680
2167	0.083360
2168	0.084040
2169	0.084720
2170	0.085400
2171	0.085480
2172	0.085560
2173	0.085640
2174	0.085720
2175	0.085800
2176	0.085560
2177	0.085320
2178	0.085080
2179	0.084840
2180	0.084600
2181	0.084620
2182	0.084640
2183	0.084660
2184	0.084680
2185	0.084700
2186	0.084380
2187	0.084060
2188	0.083740
2189	0.083420
2190	0.083100
2191	0.083180
2192	0.083260
2193	0.083340
2194	0.083420
2195	0.083500
2196	0.083360
2197	0.083220
2198	0.083080
2199	0.082940
2200	0.082800
2201	0.082420
2202	0.082040
2203	0.081660
2204	0.081280
2205	0.080900
2206	0.080880
2207	0.080860
2208	0.080840
2209	0.080820
2210	0.080800
2211	0.080720
2212	0.080640
2213	0.080560
2214	0.080480
2215	0.080400
2216	0.080320
2217	0.080240
2218	0.080160
2219	0.080080
2220	0.080000
2221	0.079760
2222	0.079520
2223	0.079280
2224	0.079040
2225	0.078800
2226	0.078720
2227	0.078640
2228	0.078560
2229	0.078480
2230	0.078400
2231	0.078300
2232	0.078200
2233	0.078100
2234	0.078000
2235	0.077900
2236	0.077620
2237	0.077340
2238	0.077060
2239	0.076780
2240	0.076500
2241	0.076460
2242	0.076420
2243	0.076380
2244	0.076340
2245	0.076300
2246	0.076120
2247	0.075940
2248	0.075760
2249	0.075580
2250	0.075400
2251	0.075180
2252	0.074960
2253	0.074740
2254	0.074520
2255	0.074300
2256	0.074260
2257	0.074220
2258	0.074180
2259	0.074140
2260	0.074100
2261	0.073940
2262	0.073780
2263	0.073620
2264	0.073460
2265	0.073300
2266	0.073260
2267	0.073220
2268	0.073180
2269	0.073140
2270	0.073100
2271	0.073000
2272	0.072900
2273	0.072800
2274	0.072700
2275	0.072600
2276	0.072360
2277	0.072120
2278	0.071880
2279	0.071640
2280	0.071400
2281	0.071400
2282	0.071400
2283	0.071400
2284	0.071400
2285	0.071400
2286	0.071360
2287	0.071320
2288	0.071280
2289	0.071240
2290	0.071200
2291	0.070820
2292	0.070440
2293	0.070060
2294	0.069680
2295	0.069300
2296	0.069360
2297	0.069420
2298	0.069480
2299	0.069540
2300	0.069600
2301	0.069560
2302	0.069520
2303	0.069480
2304	0.069440
2305	0.069400
2306	0.069300
2307	0.069200
2308	0.069100
2309	0.069000
2310	0.068900
2311	0.068760
2312	0.068620
2313	0.068480
2314	0.068340
2315	0.068200
2316	0.068080
2317	0.067960
2318	0.067840
2319	0.067720
2320	0.067600
2321	0.067200
2322	0.066800
2323	0.066400
2324	0.066000
2325	0.065600
2326	0.065720
2327	0.065840
2328	0.065960
2329	0.066080
2330	0.066200
2331	0.066100
2332	0.066000
2333	0.065900
2334	0.065800
2335	0.065700
2336	0.065600
2337	0.065500
2338	0.065400
2339	0.065300
2340	0.065200
2341	0.065180
2342	0.065160
2343	0.065140
2344	0.065120
2345	0.065100
2346	0.064940
2347	0.064780
2348	0.064620
2349	0.064460
2350	0.064300
2351	0.063960
2352	0.063620
2353	0.063280
2354	0.062940
2355	0.062600
2356	0.062700
2357	0.062800
2358	0.062900
2359	0.063000
2360	0.063100
2361	0.063080
2362	0.063060
2363	0.063040
2364	0.063020
2365	0.063000
2366	0.062880
2367	0.062760
2368	0.062640
2369	0.062520
2370	0.062400
2371	0.062200
2372	0.062000
2373	0.061800
2374	0.061600
2375	0.061400
2376	0.061480
2377	0.061560
2378	0.061640
2379	0.061720
2380	0.061800
2381	0.061260
2382	0.060720
2383	0.060180
2384	0.059640
2385	0.059100
2386	0.059360
2387	0.059620
2388	0.059880
2389	0.060140
2390	0.060400
2391	0.060340
2392	0.060280
2393	0.060220
2394	0.060160
2395	0.060100
2396	0.060020
2397	0.059940
2398	0.059860
2399	0.059780
2400	0.059700
2401	0.059640
2402	0.059580
2403	0.059520
2404	0.059460
2405	0.059400
2406	0.059360
2407	0.059320
2408	0.059280
2409	0.059240
2410	0.059200
2411	0.058760
2412	0.058320
2413	0.057880
2414	0.057440
2415	0.057000
2416	0.057160
2417	0.057320
2418	0.057480
2419	0.057640
2420	0.057800
2421	0.057700
2422	0.057600
2423	0.057500
2424	0.057400
2425	0.057300
2426	0.057280
2427	0.057260
2428	0.057240
2429	0.057220
2430	0.057200
2431	0.057060
2432	0.056920
2433	0.056780
2434	0.056640
2435	0.056500
2436	0.056460
2437	0.056420
2438	0.056380
2439	0.056340
2440	0.056300
2441	0.056160
2442	0.056020
2443	0.055880
2444	0.055740
2445	0.055600
2446	0.055400
2447	0.055200
2448	0.055000
2449	0.054800
2450	0.054600
2451	0.054520
2452	0.054440
2453	0.054360
2454	0.054280
2455	0.054200
2456	0.054260
2457	0.054320
2458	0.054380
2459	0.054440
2460	0.054500
2461	0.054460
2462	0.054420
2463	0.054380
2464	0.054340
2465	0.054300
2466	0.054120
2467	0.053940
2468	0.053760
2469	0.053580
2470	0.053400
2471	0.053400
2472	0.053400
2473	0.053400
2474	0.053400
2475	0.053400
2476	0.053140
2477	0.052880
2478	0.052620
2479	0.052360
2480	0.052100
2481	0.052040
2482	0.051980
2483	0.051920
2484	0.051860
2485	0.051800
2486	0.051880
2487	0.051960
2488	0.052040
2489	0.052120
2490	0.052200
2491	0.051540
2492	0.050880
2493	0.050220
2494	0.049560
2495	0.048900
2496	0.049400
2497	0.049900
2498	0.050400
2499	0.050900
2500	0.051400
2501	0.051280
2502	0.051160
2503	0.051040
2504	0.050920
2505	0.050800
2506	0.050560
2507	0.050320
2508	0.050080
2509	0.049840
2510	0.049600
2511	0.049440
2512	0.049280
2513	0.049120
2514	0.048960
2515	0.048800
2516	0.048660
2517	0.048520
2518	0.048380
2519	0.048240
2520	0.048100
2521	0.048020
2522	0.047940
2523	0.047860
2524	0.047780
2525	0.047700
2526	0.047700
2527	0.047700
2528	0.047700
2529	0.047700
2530	0.047700
2531	0.047580
2532	0.047460
2533	0.047340
2534	0.047220
2535	0.047100
2536	0.047040
2537	0.046980
2538	0.046920
2539	0.046860
2540	0.046800
2541	0.046760
2542	0.046720
2543	0.046680
2544	0.046640
2545	0.046600
2546	0.046540
2547	0.046480
2548	0.046420
2549	0.046360
2550	0.046300
2551	0.046220
2552	0.046140
2553	0.046060
2554	0.045980
2555	0.045900
2556	0.045800
2557	0.045700
2558	0.045600
2559	0.045500
2560	0.045400
2561	0.045360
2562	0.045320
2563	0.045280
2564	0.045240
2565	0.045200
2566	0.045140
2567	0.045080
2568	0.045020
2569	0.044960
2570	0.044900
2571	0.044820
2572	0.044740
2573	0.044660
2574	0.044580
2575	0.044500
2576	0.044420
2577	0.044340
2578	0.044260
2579	0.044180
2580	0.044100
2581	0.043940
2582	0.043780
2583	0.043620
2584	0.043460
2585	0.043300
2586	0.043320
2587	0.043340
2588	0.043360
2589	0.043380
2590	0.043400
2591	0.043320
2592	0.043240
2593	0.043160
2594	0.043080
2595	0.043000
2596	0.042980
2597	0.042960
2598	0.042940
2599	0.042920
2600	0.042900
2601	0.042880
2602	0.042860
2603	0.042840
2604	0.042820
2605	0.042800
2606	0.042740
2607	0.042680
2608	0.042620
2609	0.042560
2610	0.042500
2611	0.042460
2612	0.042420
2613	0.042380
2614	0.042340
2615	0.042300
2616	0.042220
2617	0.042140
2618	0.042060
2619	0.041980
2620	0.041900
2621	0.041640
2622	0.041380
2623	0.041120
2624	0.040860
2625	0.040600
2626	0.040720
2627	0.040840
2628	0.040960
2629	0.041080
2630	0.041200
2631	0.041160
2632	0.041120
2633	0.041080
2634	0.041040
2635	0.041000
2636	0.040840
2637	0.040680
2638	0.040520
2639	0.040360
2640	0.040200
2641	0.040200
2642	0.040200
2643	0.040200
2644	0.040200
2645	0.040200
2646	0.040160
2647	0.040120
2648	0.040080
2649	0.040040
2650	0.040000
2651	0.039920
2652	0.039840
2653	0.039760
2654	0.039680
2655	0.039600
2656	0.039580
2657	0.039560
2658	0.039540
2659	0.039520
2660	0.039500
2661	0.039400
2662	0.039300
2663	0.039200
2664	0.039100
2665	0.039000
2666	0.039020
2667	0.039040
2668	0.039060
2669	0.039080
2670	0.039100
2671	0.039000
2672	0.038900
2673	0.038800
2674	0.038700
2675	0.038600
2676	0.038560
2677	0.038520
2678	0.038480
2679	0.038440
2680	0.038400
2681	0.038360
2682	0.038320
2683	0.038280
2684	0.038240
2685	0.038200
2686	0.038120
2687	0.038040
2688	0.037960
2689	0.037880
2690	0.037800
2691	0.037740
2692	0.037680
2693	0.037620
2694	0.037560
2695	0.037500
2696	0.037420
2697	0.037340
2698	0.037260
2699	0.037180
2700	0.037100
2701	0.037060
2702	0.037020
2703	0.036980
2704	0.036940
2705	0.036900
2706	0.036860
2707	0.036820
2708	0.036780
2709	0.036740
2710	0.036700
2711	0.036680
2712	0.036660
2713	0.036640
2714	0.036620
2715	0.036600
2716	0.036560
2717	0.036520
2718	0.036480
2719	0.036440
2720	0.036400
2721	0.036340
2722	0.036280
2723	0.036220
2724	0.036160
2725	0.036100
2726	0.036080
2727	0.036060
2728	0.036040
2729	0.036020
2730	0.036000
2731	0.035940
2732	0.035880
2733	0.035820
2734	0.035760
2735	0.035700
2736	0.035660
2737	0.035620
2738	0.035580
2739	0.035540
2740	0.035500
2741	0.035480
2742	0.035460
2743	0.035440
2744	0.035420
2745	0.035400
2746	0.035360
2747	0.035320
2748	0.035280
2749	0.035240
2750	0.035200
2751	0.035140
2752	0.035080
2753	0.035020
2754	0.034960
2755	0.034900
2756	0.034840
2757	0.034780
2758	0.034720
2759	0.034660
2760	0.034600
2761	0.034560
2762	0.034520
2763	0.034480
2764	0.034440
2765	0.034400
2766	0.034380
2767	0.034360
2768	0.034340
2769	0.034320
2770	0.034300
2771	0.034220
2772	0.034140
2773	0.034060
2774	0.033980
2775	0.033900
2776	0.033840
2777	0.033780
2778	0.033720
2779	0.033660
2780	0.033600
2781	0.033560
2782	0.033520
2783	0.033480
2784	0.033440
2785	0.033400
2786	0.033360
2787	0.033320
2788	0.033280
2789	0.033240
2790	0.033200
2791	0.033140
2792	0.033080
2793	0.033020
2794	0.032960
2795	0.032900
2796	0.032880
2797	0.032860
2798	0.032840
2799	0.032820
2800	0.032800
2801	0.032740
2802	0.032680
2803	0.032620
2804	0.032560
2805	0.032500
2806	0.032480
2807	0.032460
2808	0.032440
2809	0.032420
2810	0.032400
2811	0.032380
2812	0.032360
2813	0.032340
2814	0.032320
2815	0.032300
2816	0.032260
2817	0.032220
2818	0.032180
2819	0.032140
2820	0.032100
2821	0.032040
2822	0.031980
2823	0.031920
2824	0.031860
2825	0.031800
2826	0.031780
2827	0.031760
2828	0.031740
2829	0.031720
2830	0.031700
2831	0.031660
2832	0.031620
2833	0.031580
2834	0.031540
2835	0.031500
2836	0.031440
2837	0.031380
2838	0.031320
2839	0.031260
2840	0.031200
2841	0.031160
2842	0.031120
2843	0.031080
2844	0.031040
2845	0.031000
2846	0.030940
2847	0.030880
2848	0.030820
2849	0.030760
2850	0.030700
2851	0.030640
2852	0.030580
2853	0.030520
2854	0.030460
2855	0.030400
2856	0.030360
2857	0.030320
2858	0.030280
2859	0.030240
2860	0.030200
2861	0.030160
2862	0.030120
2863	0.030080
2864	0.030040
2865	0.030000
2866	0.029920
2867	0.029840
2868	0.029760
2869	0.029680
2870	0.029600
2871	0.029560
2872	0.029520
2873	0.029480
2874	0.029440
2875	0.029400
2876	0.029400
2877	0.029400
2878	0.029400
2879	0.029400
2880	0.029400
2881	0.029360
2882	0.029320
2883	0.029280
2884	0.029240
2885	0.029200
2886	0.029180
2887	0.029160
2888	0.029140
2889	0.029120
2890	0.029100
2891	0.029080
2892	0.029060
2893	0.029040
2894	0.029020
2895	0.029000
2896	0.028960
2897	0.028920
2898	0.028880
2899	0.028840
2900	0.028800
2901	0.028780
2902	0.028760
2903	0.028740
2904	0.028720
2905	0.028700
2906	0.028660
2907	0.028620
2908	0.028580
2909	0.028540
2910	0.028500
2911	0.028440
2912	0.028380
2913	0.028320
2914	0.028260
2915	0.028200
2916	0.028160
2917	0.028120
2918	0.028080
2919	0.028040
2920	0.028000
2921	0.027960
2922	0.027920
2923	0.027880
2924	0.027840
2925	0.027800
2926	0.027760
2927	0.027720
2928	0.027680
2929	0.027640
2930	0.027600
2931	0.027540
2932	0.027480
2933	0.027420
2934	0.027360
2935	0.027300
2936	0.027260
2937	0.027220
2938	0.027180
2939	0.027140
2940	0.027100
2941	0.027040
2942	0.026980
2943	0.026920
2944	0.026860
2945	0.026800
2946	0.026780
2947	0.026760
2948	0.026740
2949	0.026720
2950	0.026700
2951	0.026680
2952	0.026660
2953	0.026640
2954	0.026620
2955	0.026600
2956	0.026560
2957	0.026520
2958	0.026480
2959	0.026440
2960	0.026400
2961	0.026380
2962	0.026360
2963	0.026340
2964	0.026320
2965	0.026300
2966	0.026260
2967	0.026220
2968	0.026180
2969	0.026140
2970	0.026100
2971	0.026080
2972	0.026060
2973	0.026040
2974	0.026020
2975	0.026000
2976	0.025960
2977	0.025920
2978	0.025880
2979	0.025840
2980	0.025800
2981	0.025780
2982	0.025760
2983	0.025740
2984	0.025720
2985	0.025700
2986	0.025660
2987	0.025620
2988	0.025580
2989	0.025540
2990	0.025500
2991	0.025480
2992	0.025460
2993	0.025440
2994	0.025420
2995	0.025400
2996	0.025380
2997	0.025360
2998	0.025340
2999	0.025320
3000	0.025300
3001	0.025260
3002	0.025220
3003	0.025180
3004	0.025140
3005	0.025100
3006	0.025080
3007	0.025060
3008	0.025040
3009	0.025020
3010	0.025000
3011	0.024980
3012	0.024960
3013	0.024940
3014	0.024920
3015	0.024900
3016	0.024860
3017	0.024820
3018	0.024780
3019	0.024740
3020	0.024700
3021	0.024660
3022	0.024620
3023	0.024580
3024	0.024540
3025	0.024500
3026	0.024480
3027	0.024460
3028	0.024440
3029	0.024420
3030	0.024400
3031	0.024360
3032	0.024320
3033	0.024280
3034	0.024240
3035	0.024200
3036	0.024140
3037	0.024080
3038	0.024020
3039	0.023960
3040	0.023900
3041	0.023920
3042	0.023940
3043	0.023960
3044	0.023980
3045	0.024000
3046	0.024000
3047	0.024000
3048	0.024000
3049	0.024000
3050	0.024000
3051	0.023980
3052	0.023960
3053	0.023940
3054	0.023920
3055	0.023900
3056	0.023880
3057	0.023860
3058	0.023840
3059	0.023820
3060	0.023800
3061	0.023740
3062	0.023680
3063	0.023620
3064	0.023560
3065	0.023500
3066	0.023480
3067	0.023460
3068	0.023440
3069	0.023420
3070	0.023400
3071	0.023400
3072	0.023400
3073	0.023400
3074	0.023400
3075	0.023400
3076	0.023360
3077	0.023320
3078	0.023280
3079	0.023240
3080	0.023200
3081	0.023160
3082	0.023120
3083	0.023080
3084	0.023040
3085	0.023000
3086	0.022960
3087	0.022920
3088	0.022880
3089	0.022840
3090	0.022800
3091	0.022760
3092	0.022720
3093	0.022680
3094	0.022640
3095	0.022600
3096	0.022560
3097	0.022520
3098	0.022480
3099	0.022440
3100	0.022400
3101	0.022380
3102	0.022360
3103	0.022340
3104	0.022320
3105	0.022300
3106	0.022260
3107	0.022220
3108	0.022180
3109	0.022140
3110	0.022100
3111	0.022040
3112	0.021980
3113	0.021920
3114	0.021860
3115	0.021800
3116	0.021780
3117	0.021760
3118	0.021740
3119	0.021720
3120	0.021700
3121	0.021680
3122	0.021660
3123	0.021640
3124	0.021620
3125	0.021600
3126	0.021580
3127	0.021560
3128	0.021540
3129	0.021520
3130	0.021500
3131	0.021480
3132	0.021460
3133	0.021440
3134	0.021420
3135	0.021400
3136	0.021360
3137	0.021320
3138	0.021280
3139	0.021240
3140	0.021200
3141	0.021180
3142	0.021160
3143	0.021140
3144	0.021120
3145	0.021100
3146	0.021060
3147	0.021020
3148	0.020980
3149	0.020940
3150	0.020900
3151	0.020880
3152	0.020860
3153	0.020840
3154	0.020820
3155	0.020800
3156	0.020780
3157	0.020760
3158	0.020740
3159	0.020720
3160	0.020700
3161	0.020700
3162	0.020700
3163	0.020700
3164	0.020700
3165	0.020700
3166	0.020660
3167	0.020620
3168	0.020580
3169	0.020540
3170	0.020500
3171	0.020500
3172	0.020500
3173	0.020500
3174	0.020500
3175	0.020500
3176	0.020460
3177	0.020420
3178	0.020380
3179	0.020340
3180	0.020300
3181	0.020280
3182	0.020260
3183	0.020240
3184	0.020220
3185	0.020200
3186	0.020200
3187	0.020200
3188	0.020200
3189	0.020200
3190	0.020200
3191	0.020180
3192	0.020160
3193	0.020140
3194	0.020120
3195	0.020100
3196	0.020060
3197	0.020020
3198	0.019980
3199	0.019940
3200	0.019900
3201	0.019900
3202	0.019900
3203	0.019900
3204	0.019900
3205	0.019900
3206	0.019880
3207	0.019860
3208	0.019840
3209	0.019820
3210	0.019800
3211	0.019760
3212	0.019720
3213	0.019680
3214	0.019640
3215	0.019600
3216	0.019580
3217	0.019560
3218	0.019540
3219	0.019520
3220	0.019500
3221	0.019480
3222	0.019460
3223	0.019440
3224	0.019420
3225	0.019400
3226	0.019400
3227	0.019400
3228	0.019400
3229	0.019400
3230	0.019400
3231	0.019380
3232	0.019360
3233	0.019340
3234	0.019320
3235	0.019300
3236	0.019280
3237	0.019260
3238	0.019240
3239	0.019220
3240	0.019200
3241	0.019180
3242	0.019160
3243	0.019140
3244	0.019120
3245	0.019100
3246	0.019100
3247	0.019100
3248	0.019100
3249	0.019100
3250	0.019100
3251	0.019060
3252	0.019020
3253	0.018980
3254	0.018940
3255	0.018900
3256	0.018880
3257	0.018860
3258	0.018840
3259	0.018820
3260	0.018800
3261	0.018780
3262	0.018760
3263	0.018740
3264	0.018720
3265	0.018700
3266	0.018680
3267	0.018660
3268	0.018640
3269	0.018620
3270	0.018600
3271	0.018580
3272	0.018560
3273	0.018540
3274	0.018520
3275	0.018500
3276	0.018480
3277	0.018460
3278	0.018440
3279	0.018420
3280	0.018400
3281	0.018380
3282	0.018360
3283	0.018340
3284	0.018320
3285	0.018300
3286	0.018300
3287	0.018300
3288	0.018300
3289	0.018300
3290	0.018300
3291	0.018240
3292	0.018180
3293	0.018120
3294	0.018060
3295	0.018000
3296	0.017980
3297	0.017960
3298	0.017940
3299	0.017920
3300	0.017900
3301	0.017900
3302	0.017900
3303	0.017900
3304	0.017900
3305	0.017900
3306	0.017860
3307	0.017820
3308	0.017780
3309	0.017740
3310	0.017700
3311	0.017680
3312	0.017660
3313	0.017640
3314	0.017620
3315	0.017600
3316	0.017540
3317	0.017480
3318	0.017420
3319	0.017360
3320	0.017300
3321	0.017300
3322	0.017300
3323	0.017300
3324	0.017300
3325	0.017300
3326	0.017260
3327	0.017220
3328	0.017180
3329	0.017140
3330	0.017100
3331	0.017080
3332	0.017060
3333	0.017040
3334	0.017020
3335	0.017000
3336	0.016980
3337	0.016960
3338	0.016940
3339	0.016920
3340	0.016900
3341	0.016880
3342	0.016860
3343	0.016840
3344	0.016820
3345	0.016800
3346	0.016760
3347	0.016720
3348	0.016680
3349	0.016640
3350	0.016600
3351	0.016580
3352	0.016560
3353	0.016540
3354	0.016520
3355	0.016500
3356	0.016480
3357	0.016460
3358	0.016440
3359	0.016420
3360	0.016400
3361	0.016380
3362	0.016360
3363	0.016340
3364	0.016320
3365	0.016300
3366	0.016280
3367	0.016260
3368	0.016240
3369	0.016220
3370	0.016200
3371	0.016180
3372	0.016160
3373	0.016140
3374	0.016120
3375	0.016100
3376	0.016080
3377	0.016060
3378	0.016040
3379	0.016020
3380	0.016000
3381	0.016000
3382	0.016000
3383	0.016000
3384	0.016000
3385	0.016000
3386	0.015980
3387	0.015960
3388	0.015940
3389	0.015920
3390	0.015900
3391	0.015880
3392	0.015860
3393	0.015840
3394	0.015820
3395	0.015800
3396	0.015760
3397	0.015720
3398	0.015680
3399	0.015640
3400	0.015600
3401	0.015620
3402	0.015640
3403	0.015660
3404	0.015680
3405	0.015700
3406	0.015660
3407	0.015620
3408	0.015580
3409	0.015540
3410	0.015500
3411	0.015500
3412	0.015500
3413	0.015500
3414	0.015500
3415	0.015500
3416	0.015480
3417	0.015460
3418	0.015440
3419	0.015420
3420	0.015400
3421	0.015380
3422	0.015360
3423	0.015340
3424	0.015320
3425	0.015300
3426	0.015280
3427	0.015260
3428	0.015240
3429	0.015220
3430	0.015200
3431	0.015200
3432	0.015200
3433	0.015200
3434	0.015200
3435	0.015200
3436	0.015180
3437	0.015160
3438	0.015140
3439	0.015120
3440	0.015100
3441	0.015080
3442	0.015060
3443	0.015040
3444	0.015020
3445	0.015000
3446	0.014980
3447	0.014960
3448	0.014940
3449	0.014920
3450	0.014900
3451	0.014900
3452	0.014900
3453	0.014900
3454	0.014900
3455	0.014900
3456	0.014880
3457	0.014860
3458	0.014840
3459	0.014820
3460	0.014800
3461	0.014800
3462	0.014800
3463	0.014800
3464	0.014800
3465	0.014800
3466	0.014780
3467	0.014760
3468	0.014740
3469	0.014720
3470	0.014700
3471	0.014680
3472	0.014660
3473	0.014640
3474	0.014620
3475	0.014600
3476	0.014580
3477	0.014560
3478	0.014540
3479	0.014520
3480	0.014500
3481	0.014500
3482	0.014500
3483	0.014500
3484	0.014500
3485	0.014500
3486	0.014480
3487	0.014460
3488	0.014440
3489	0.014420
3490	0.014400
3491	0.014380
3492	0.014360
3493	0.014340
3494	0.014320
3495	0.014300
3496	0.014280
3497	0.014260
3498	0.014240
3499	0.014220
3500	0.014200
3501	0.014200
3502	0.014200
3503	0.014200
3504	0.014200
3505	0.014200
3506	0.014180
3507	0.014160
3508	0.014140
3509	0.014120
3510	0.014100
3511	0.014080
3512	0.014060
3513	0.014040
3514	0.014020
3515	0.014000
3516	0.013980
3517	0.013960
3518	0.013940
3519	0.013920
3520	0.013900
3521	0.013900
3522	0.013900
3523	0.013900
3524	0.013900
3525	0.013900
3526	0.013880
3527	0.013860
3528	0.013840
3529	0.013820
3530	0.013800
3531	0.013800
3532	0.013800
3533	0.013800
3534	0.013800
3535	0.013800
3536	0.013780
3537	0.013760
3538	0.013740
3539	0.013720
3540	0.013700
3541	0.013700
3542	0.013700
3543	0.013700
3544	0.013700
3545	0.013700
3546	0.013680
3547	0.013660
3548	0.013640
3549	0.013620
3550	0.013600
3551	0.013580
3552	0.013560
3553	0.013540
3554	0.013520
3555	0.013500
3556	0.013480
3557	0.013460
3558	0.013440
3559	0.013420
3560	0.013400
3561	0.013400
3562	0.013400
3563	0.013400
3564	0.013400
3565	0.013400
3566	0.013380
3567	0.013360
3568	0.013340
3569	0.013320
3570	0.013300
3571	0.013280
3572	0.013260
3573	0.013240
3574	0.013220
3575	0.013200
3576	0.013180
3577	0.013160
3578	0.013140
3579	0.013120
3580	0.013100
3581	0.013100
3582	0.013100
3583	0.013100
3584	0.013100
3585	0.013100
3586	0.013080
3587	0.013060
3588	0.013040
3589	0.013020
3590	0.013000
3591	0.012980
3592	0.012960
3593	0.012940
3594	0.012920
3595	0.012900
3596	0.012900
3597	0.012900
3598	0.012900
3599	0.012900
3600	0.012900
3601	0.012880
3602	0.012860
3603	0.012840
3604	0.012820
3605	0.012800
3606	0.012780
3607	0.012760
3608	0.012740
3609	0.012720
3610	0.012700
3611	0.012700
3612	0.012700
3613	0.012700
3614	0.012700
3615	0.012700
3616	0.012680
3617	0.012660
3618	0.012640
3619	0.012620
3620	0.012600
3621	0.012600
3622	0.012600
3623	0.012600
3624	0.012600
3625	0.012600
3626	0.012580
3627	0.012560
3628	0.012540
3629	0.012520
3630	0.012500
3631	0.012500
3632	0.012500
3633	0.012500
3634	0.012500
3635	0.012500
3636	0.012480
3637	0.012460
3638	0.012440
3639	0.012420
3640	0.012400
3641	0.012400
3642	0.012400
3643	0.012400
3644	0.012400
3645	0.012400
3646	0.012380
3647	0.012360
3648	0.012340
3649	0.012320
3650	0.012300
3651	0.012280
3652	0.012260
3653	0.012240
3654	0.012220
3655	0.012200
3656	0.012200
3657	0.012200
3658	0.012200
3659	0.012200
3660	0.012200
3661	0.012200
3662	0.012200
3663	0.012200
3664	0.012200
3665	0.012200
3666	0.012160
3667	0.012120
3668	0.012080
3669	0.012040
3670	0.012000
3671	0.012000
3672	0.012000
3673	0.012000
3674	0.012000
3675	0.012000
3676	0.011980
3677	0.011960
3678	0.011940
3679	0.011920
3680	0.011900
3681	0.011880
3682	0.011860
3683	0.011840
3684	0.011820
3685	0.011800
3686	0.011800
3687	0.011800
3688	0.011800
3689	0.011800
3690	0.011800
3691	0.011780
3692	0.011760
3693	0.011740
3694	0.011720
3695	0.011700
3696	0.011680
3697	0.011660
3698	0.011640
3699	0.011620
3700	0.011600
3701	0.011600
3702	0.011600
3703	0.011600
3704	0.011600
3705	0.011600
3706	0.011580
3707	0.011560
3708	0.011540
3709	0.011520
3710	0.011500
3711	0.011500
3712	0.011500
3713	0.011500
3714	0.011500
3715	0.011500
3716	0.011480
3717	0.011460
3718	0.011440
3719	0.011420
3720	0.011400
3721	0.011400
3722	0.011400
3723	0.011400
3724	0.011400
3725	0.011400
3726	0.011380
3727	0.011360
3728	0.011340
3729	0.011320
3730	0.011300
3731	0.011300
3732	0.011300
3733	0.011300
3734	0.011300
3735	0.011300
3736	0.011260
3737	0.011220
3738	0.011180
3739	0.011140
3740	0.011100
3741	0.011100
3742	0.011100
3743	0.011100
3744	0.011100
3745	0.011100
3746	0.011080
3747	0.011060
3748	0.011040
3749	0.011020
3750	0.011000
3751	0.011000
3752	0.011000
3753	0.011000
3754	0.011000
3755	0.011000
3756	0.010980
3757	0.010960
3758	0.010940
3759	0.010920
3760	0.010900
3761	0.010900
3762	0.010900
3763	0.010900
3764	0.010900
3765	0.010900
3766	0.010900
3767	0.010900
3768	0.010900
3769	0.010900
3770	0.010900
3771	0.010880
3772	0.010860
3773	0.010840
3774	0.010820
3775	0.010800
3776	0.010780
3777	0.010760
3778	0.010740
3779	0.010720
3780	0.010700
3781	0.010700
3782	0.010700
3783	0.010700
3784	0.010700
3785	0.010700
3786	0.010680
3787	0.010660
3788	0.010640
3789	0.010620
3790	0.010600
3791	0.010600
3792	0.010600
3793	0.010600
3794	0.010600
3795	0.010600
3796	0.010580
3797	0.010560
3798	0.010540
3799	0.010520
3800	0.010500
3801	0.010500
3802	0.010500
3803	0.010500
3804	0.010500
3805	0.010500
3806	0.010480
3807	0.010460
3808	0.010440
3809	0.010420
3810	0.010400
3811	0.010400
3812	0.010400
3813	0.010400
3814	0.010400
3815	0.010400
3816	0.010380
3817	0.010360
3818	0.010340
3819	0.010320
3820	0.010300
3821	0.010300
3822	0.010300
3823	0.010300
3824	0.010300
3825	0.010300
3826	0.010300
3827	0.010300
3828	0.010300
3829	0.010300
3830	0.010300
3831	0.010280
3832	0.010260
3833	0.010240
3834	0.010220
3835	0.010200
3836	0.010200
3837	0.010200
3838	0.010200
3839	0.010200
3840	0.010200
3841	0.010180
3842	0.010160
3843	0.010140
3844	0.010120
3845	0.010100
3846	0.010100
3847	0.010100
3848	0.010100
3849	0.010100
3850	0.010100
3851	0.010080
3852	0.010060
3853	0.010040
3854	0.010020
3855	0.010000
3856	0.009988
3857	0.009976
3858	0.009964
3859	0.009952
3860	0.009940
3861	0.009934
3862	0.009928
3863	0.009922
3864	0.009916
3865	0.009910
3866	0.009894
3867	0.009878
3868	0.009862
3869	0.009846
3870	0.009830
3871	0.009830
3872	0.009830
3873	0.009830
3874	0.009830
3875	0.009830
3876	0.009814
3877	0.009798
3878	0.009782
3879	0.009766
3880	0.009750
3881	0.009740
3882	0.009730
3883	0.009720
3884	0.009710
3885	0.009700
3886	0.009702
3887	0.009704
3888	0.009706
3889	0.009708
3890	0.009710
3891	0.009692
3892	0.009674
3893	0.009656
3894	0.009638
3895	0.009620
3896	0.009616
3897	0.009612
3898	0.009608
3899	0.009604
3900	0.009600
3901	0.009598
3902	0.009596
3903	0.009594
3904	0.009592
3905	0.009590
3906	0.009576
3907	0.009562
3908	0.009548
3909	0.009534
3910	0.009520
3911	0.009516
3912	0.009512
3913	0.009508
3914	0.009504
3915	0.009500
3916	0.009482
3917	0.009464
3918	0.009446
3919	0.009428
3920	0.009410
3921	0.009408
3922	0.009406
3923	0.009404
3924	0.009402
3925	0.009400
3926	0.009384
3927	0.009368
3928	0.009352
3929	0.009336
3930	0.009320
3931	0.009316
3932	0.009312
3933	0.009308
3934	0.009304
3935	0.009300
3936	0.009286
3937	0.009272
3938	0.009258
3939	0.009244
3940	0.009230
3941	0.009224
3942	0.009218
3943	0.009212
3944	0.009206
3945	0.009200
3946	0.009182
3947	0.009164
3948	0.009146
3949	0.009128
3950	0.009110
3951	0.009104
3952	0.009098
3953	0.009092
3954	0.009086
3955	0.009080
3956	0.009068
3957	0.009056
3958	0.009044
3959	0.009032
3960	0.009020
3961	0.009018
3962	0.009016
3963	0.009014
3964	0.009012
3965	0.009010
3966	0.008994
3967	0.008978
3968	0.008962
3969	0.008946
3970	0.008930
3971	0.008926
3972	0.008922
3973	0.008918
3974	0.008914
3975	0.008910
3976	0.008896
3977	0.008882
3978	0.008868
3979	0.008854
3980	0.008840
3981	0.008832
3982	0.008824
3983	0.008816
3984	0.008808
3985	0.008800
3986	0.008796
3987	0.008792
3988	0.008788
3989	0.008784
3990	0.008780
3991	0.008764
3992	0.008748
3993	0.008732
3994	0.008716
3995	0.008700
3996	0.008696
3997	0.008692
3998	0.008688
3999	0.008684
4000	0.008680
